30
M 0.0 16 18 23 28 1 6 5 21 14 24 12 11 13 4 27 10 19 
M 0.0 16 15 24 23 7 13 10 17 6 28 0 4 8 20 21 26 29 
C -4.4 17 7 17 23 10 9 25 6 28 4 5 29 16 3 11 14 20 24 
C -3.3 9 21 20 28 26 13 5 2 4 18 
C -3.7 19 28 7 20 23 17 19 18 12 24 3 1 2 0 6 10 14 21 25 27 
M 0.0 18 23 0 14 6 25 2 12 18 7 3 8 10 11 16 17 20 21 26 
C -0.8 18 4 21 29 16 17 9 26 13 0 1 2 5 8 10 14 15 19 20 
C 0.5 12 28 5 4 2 16 1 24 12 14 21 22 25 
M 0.0 14 23 27 1 5 28 9 11 12 6 14 16 17 19 20 
C 1.4 12 8 21 2 6 10 15 16 17 18 20 23 24 
C 0.0 18 18 4 17 0 23 22 14 2 9 21 29 25 6 1 5 15 19 28 
C 0.1 11 19 2 26 5 12 0 8 20 24 28 29 
M 0.0 16 7 23 22 26 24 19 0 4 5 8 11 18 20 25 28 29 
C -3.4 8 0 1 3 6 17 18 21 29 
M 0.0 17 16 6 28 8 10 7 17 5 25 2 24 4 23 0 15 18 22 
C -2.7 11 6 19 17 23 9 14 18 10 1 16 28 
M 0.0 14 8 9 17 23 15 5 18 20 2 6 7 14 25 29 
M 0.0 21 16 26 27 28 5 29 10 2 22 9 25 24 8 20 13 1 4 6 14 15 23 
C -1.7 17 29 13 12 0 4 26 19 14 28 24 9 3 5 10 15 16 25 
C -2.6 14 21 4 6 15 29 0 25 26 10 18 11 8 12 24 
C -0.5 18 12 16 2 5 23 28 1 11 8 6 26 22 9 29 3 4 17 24 
C 1.2 13 5 13 1 4 7 0 3 6 9 10 19 24 29 
C -2.4 8 7 14 10 12 17 20 24 25 
C -0.7 16 9 10 17 27 2 0 1 4 5 8 12 14 15 16 20 29 
C -3.8 18 2 20 1 0 11 9 22 27 21 19 4 7 12 14 17 18 25 28 
C -2.2 14 18 29 4 24 12 22 16 7 10 2 5 14 17 19 
C -3.0 11 5 1 3 6 11 12 17 18 19 20 28 
C -4.7 8 4 0 8 17 23 24 28 29 
C 1.5 18 24 20 15 12 10 18 26 17 8 11 27 0 1 2 3 4 7 14 
O 0.0 16 21 13 23 16 17 27 18 12 2 11 19 1 6 10 20 25 
