40
C 0.8 21 23 29 11 1 20 32 14 34 25 18 7 30 37 12 35 38 31 2 26 27 33 
M 0.0 22 7 25 36 2 6 16 9 19 14 30 39 32 13 0 8 10 15 20 27 29 33 37 
M 0.0 17 35 0 5 16 15 25 37 23 4 39 7 26 31 1 8 19 33 
C -4.9 17 39 36 8 29 9 23 11 26 18 15 27 33 34 4 21 24 28 
M 0.0 24 24 10 32 30 17 12 39 3 8 16 35 36 33 26 2 13 22 5 7 14 15 20 21 28 
C -3.2 14 36 23 17 15 2 12 27 37 14 4 6 8 21 31 
C 1.7 12 14 32 30 17 19 29 10 5 1 12 24 27 
M 0.0 14 22 9 37 4 12 10 20 0 1 2 14 15 24 33 
M 0.0 15 14 19 1 10 23 9 3 2 5 16 4 11 27 28 33 
C 1.1 20 19 27 35 1 10 13 17 22 23 14 24 15 20 37 33 3 7 8 28 36 
C -1.7 14 30 9 33 13 12 1 4 6 7 8 11 14 15 37 
M 0.0 20 29 32 37 30 8 24 34 15 12 10 31 28 33 39 0 3 14 16 17 26 
M 0.0 13 35 29 6 0 4 5 7 10 11 14 33 36 37 
C -3.5 7 1 4 9 10 24 33 34 
C -4.1 27 20 5 7 9 4 19 32 17 36 25 10 34 11 29 1 27 12 0 6 8 15 21 23 26 30 33 37 
C 1.2 26 10 35 25 39 20 18 23 32 1 7 14 29 34 5 24 33 4 37 30 2 3 9 11 17 27 28 
C -1.6 17 17 11 20 33 31 2 1 4 8 21 22 23 24 26 28 34 36 
M 0.0 16 35 38 15 6 19 28 11 4 5 9 14 16 21 23 29 33 
C 0.9 9 22 33 0 3 15 20 27 36 37 
C -4.4 14 36 39 2 28 1 6 8 9 14 17 20 23 24 31 
C 1.7 19 34 19 1 27 35 18 4 16 0 7 9 14 15 21 24 26 28 32 33 
M 0.0 19 28 16 34 3 37 17 4 27 20 5 38 31 26 32 14 39 22 23 33 
M 0.0 9 21 16 30 4 7 9 18 27 31 
M 0.0 22 16 15 21 32 2 19 30 24 38 39 29 14 17 31 0 3 5 8 9 27 28 37 
C -1.7 19 35 27 7 20 4 19 31 9 25 13 3 6 16 11 15 23 26 37 38 
C 0.0 10 36 0 1 2 14 15 24 33 34 37 
C 0.6 14 0 39 32 4 27 24 2 16 20 3 11 14 31 21 
C -4.5 24 9 30 8 1 6 33 21 36 23 0 14 18 38 35 15 39 22 5 3 20 24 26 34 37 
M 0.0 17 3 29 33 35 9 23 8 16 15 20 4 11 17 19 21 36 37 
C -2.7 13 1 30 36 17 6 0 3 11 12 14 15 23 28 
C -3.2 14 4 14 0 1 6 10 11 15 22 23 27 29 31 33 
M 0.0 15 16 19 30 22 24 34 5 33 0 2 11 21 23 26 36 
C -4.9 14 20 39 0 1 4 6 11 14 15 21 23 26 36 37 
C 0.7 28 13 2 1 15 20 25 0 30 34 14 28 17 12 8 7 21 36 38 3 4 9 10 11 16 18 27 31 37 
M 0.0 13 16 25 27 13 0 3 11 14 15 20 21 31 33 
M 0.0 11 0 2 4 9 12 15 17 20 24 27 28 
C -0.8 19 18 28 1 9 16 27 4 32 39 12 31 37 5 3 14 19 25 29 33 
M 0.0 23 9 23 10 28 5 24 25 18 33 21 32 1 14 12 38 27 0 2 7 11 15 36 39 
M 0.0 8 24 0 17 21 23 27 33 37 
O 0.0 14 37 1 2 3 4 11 15 19 21 23 26 27 32 36 
