20
M 0.0 4 8 17 18 19 
C -4.0 3 5 7 11 
M 0.0 7 11 12 18 16 5 4 19 
C -4.2 4 17 19 5 11 
C -2.3 8 2 10 19 6 8 11 17 18 
M 0.0 10 15 6 17 18 12 10 3 1 11 2 
M 0.0 7 9 4 5 8 13 17 19 
C -2.7 8 1 10 15 9 8 11 12 17 
C -0.2 8 10 6 7 4 15 0 17 18 
C -0.6 6 15 7 10 6 13 17 
M 0.0 8 5 4 7 8 9 11 13 17 
C -2.2 11 3 1 7 15 10 16 4 14 5 19 2 
M 0.0 6 16 7 2 5 18 19 
C -0.0 5 16 9 6 10 18 
M 0.0 2 11 18 
C -4.5 5 5 7 8 9 11 
C -1.6 4 13 2 11 12 
C -4.3 9 6 10 0 4 7 8 9 3 5 
C -2.2 9 0 4 8 14 13 12 5 2 19 
O 0.0 8 3 4 18 12 0 6 2 11 
